Season 5 Members:
135999597947387904 1987.7023749999998 100 0 0 0 0 1987.7023749999998 0 2 1987.7023749999998
676989741173964800 2000 100 0 0 0 0 2000 0 0 2000
591356583695483058 2233.287 100 2 2 0 0 2233.287 2 8
316237573166989314 2065.0945 100 0 0 0 0 2065.0945 0 3 2130.1890000000003
442349382763937817 2053.1127500000002 100 0 0 0 0 2053.1127500000002 0 10 2106.2255
208398933913763842 2021.6225 100 0 0 0 0 2021.6225 0 3 2043.245
186289921374289920 2000 100 0 0 0 0 2000 0 0 2000
404085825014333442 1973.713 100 0 0 0 0 1973.713 0 0 1973.713
377877297329602561 2000 100 0 0 0 0 2000 0 0 2000
314637895816445952 1809.938 48.97834956187491 9 1 8 0 2036.1705 0 8
445295428880171029 1992.8105 100 0 0 0 0 1992.8105 0 3 1992.8105
322980457245573130 2079.5029999999997 100 0 0 0 0 2079.5029999999997 0 14 2159.006
227061502052532224 1948.85 100 1 1 0 0 1948.85 1 4
228902501263474689 2003.42275 100 0 0 0 0 2003.42275 0 0 2006.8455
92096414233956352 1990.15925 100 0 0 0 0 1990.15925 0 NaN 1990.15925
163444805194481666 1999.9685625 100 0 0 0 0 1999.9685625 0 0 1999.9685625
603803525020909598 1990.522125 100 0 0 0 0 1990.522125 0 0 1990.522125
322013334683648000 2000 100 0 0 0 0 2000 0 0 2000
357895317372534786 2000 100 0 0 0 0 2000 0 0 2000
293204585227747330 1976.20125 100 0 0 0 0 1976.20125 0 0 1976.20125
191912810924474377 2001.905375 100 0 0 0 0 2001.905375 0 0 2003.81075
290666576791994378 1997.9341875 100 0 0 0 0 1997.9341875 0 0 1997.9341875
207622710006644737 2000.45275 100 0 0 0 0 2000.45275 0 0 2000.9054999999998
471860314187628545 1992.53 100 0 0 0 0 1992.53 0 0 1992.53
306810930371624960 2000 100 0 0 0 0 2000 0 0 2000
280595868179103744 2000 100 0 0 0 0 2000 0 0 2000
427437691282522112 2067.486 100 1 1 0 0 2067.486 1 1
136266393313214464 2000 100 0 0 0 0 2000 0 0 2000
322467073471021056 1997.87675 100 0 0 0 0 1997.87675 0 3 1997.87675
513909505088684063 2000 100 0 0 0 0 2000 0 0 2000
309840650143006730 2000 100 0 0 0 0 2000 0 0 2000
517116052799356940 2000 100 0 0 0 0 2000 0 0 2000
678435073607073793 1990.077 100 0 0 0 0 1990.077 0 0 1990.077
321081971398672386 1997.217375 100 0 0 0 0 1997.217375 0 0 1997.217375
413863709195370497 2000 100 0 0 0 0 2000 0 0 2000
593899318616915991 1985.2173125 100 0 0 0 0 1985.2173125 0 0 1985.2173125
431903683975053313 1977.0443125 100 0 0 0 0 1977.0443125 0 0 1977.0443125
568473248178896906 2002.18775 100 0 0 0 0 2002.18775 0 0 2004.3755
355517607098449930 2002.3256875 100 0 0 0 0 2002.3256875 0 0 2004.651375
216393857556807680 1996.53425 100 0 0 0 0 1996.53425 0 0 1996.53425
686585203862405170 1997.8405 100 0 0 0 0 1997.8405 0 0 1997.8405
492124830473388035 1991.2113749999999 100 0 0 0 0 1991.2113749999999 0 0 1991.2113749999999
430041578086596610 2000 100 0 0 0 0 2000 0 0 2000
544216551604224029 2001.5462499999999 100 0 0 0 0 2001.5462499999999 0 0 2003.0925
132186310709346304 2000 100 0 0 0 0 2000 0 0 2000
267088389335941120 2000 100 0 0 0 0 2000 0 0 2000
243918684987457536 2000 100 0 0 0 0 2000 0 0 2000
167002328904237056 2284.986 48.99463078811685 6 6 0 0 2284.986 6 9
472873830658867206 2000 100 0 0 0 0 2000 0 0 2000
308749529241354241 1993.9425625 100 0 0 0 0 1993.9425625 0 0 1993.9425625
547726265176817673 2000 100 0 0 0 0 2000 0 0 2000
495065255798505492 1993.0720000000001 100 0 0 0 0 1993.0720000000001 0 0 1993.0720000000001
539350988360908800 2000 100 0 0 0 0 2000 0 0 2000
548735073470644235 1993.5591875 100 0 0 0 0 1993.5591875 0 0 1993.5591875
498308008690974723 2000 100 0 0 0 0 2000 0 0 2000
271808565386149889 2000 100 0 0 0 0 2000 0 0 2000
262550495648808980 2000 100 0 0 0 0 2000 0 0 2000
367034949355700224 1994.38725 100 0 0 0 0 1994.38725 0 0 1994.38725
487948519437500427 2000 100 0 0 0 0 2000 0 0 2000
655755122239864863 2000 100 0 0 0 0 2000 0 0 2000
445046634909532171 2000 100 0 0 0 0 2000 0 0 2000
311830429500047361 2005.81525 100 0 0 0 0 2005.81525 0 0 2011.6305
335091416558600193 1946.54925 100 0 0 0 0 1946.54925 0 1 1946.54925
414285367617912842 2001.898375 100 0 0 0 0 2001.898375 0 1 2003.79675
537805737737453579 1989.194625 100 0 0 0 0 1989.194625 0 0 1989.194625
224304551702953985 2005.25575 100 0 0 0 0 2005.25575 0 4 2010.5115
559180513764442113 2000 100 0 0 0 0 2000 0 0 2000
218002324252000256 2000 100 0 0 0 0 2000 0 0 2000
696363570933530646 2000 100 0 0 0 0 2000 0 0 2000
233307994983628800 2000 100 0 0 0 0 2000 0 0 2000
472148289307803649 1991.229375 100 0 0 0 0 1991.229375 0 0 1991.229375
566713242936803370 2000 100 0 0 0 0 2000 0 0 2000
137653529182470144 2000 100 0 0 0 0 2000 0 0 2000
440988062646796308 1951.3690000000001 100 0 0 0 0 1951.3690000000001 0 4 1951.3690000000001
526667274141302814 2000 100 0 0 0 0 2000 0 0 2000
505494066788564992 1978.7365 100 0 0 0 0 1978.7365 0 0 1978.7365
681291568023732245 2000 100 0 0 0 0 2000 0 0 2000
646576551508443136 2000 100 0 0 0 0 2000 0 0 2000
400822915211329546 2000 100 0 0 0 0 2000 0 0 2000
408131604620378114 2026.671625 100 0 0 0 0 2026.671625 0 1 2053.34325
145805884210020352 1992.326 100 0 0 0 0 1992.326 0 2 1992.326
302540686421655562 1959.575 100 0 0 0 0 1959.575 0 3 1959.575
141736028389113857 1970.232625 100 0 0 0 0 1970.232625 0 0 1970.232625
344258096480387072 2010.64275 100 0 0 0 0 2010.64275 0 4 2021.2855
348977673382526987 1996.5465 100 0 0 0 0 1996.5465 0 0 1996.5465
350778126919401485 2000 100 0 0 0 0 2000 0 0 2000
438517268352204801 2000 100 0 0 0 0 2000 0 0 2000
348286697135538176 2000 100 0 0 0 0 2000 0 0 2000
366737125674319892 2000 100 0 0 0 0 2000 0 0 2000
632243352783552512 2000 100 0 0 0 0 2000 0 0 2000
361635715630759956 2000 100 0 0 0 0 2000 0 0 2000
376358986951294986 2000 100 0 0 0 0 2000 0 0 2000
355247259123974147 2000 100 0 0 0 0 2000 0 0 2000
360562230439444480 1999.16275 100 0 0 0 0 1999.16275 0 0 1999.16275
561675401206693890 2015.7827499999999 100 0 0 0 0 2015.7827499999999 0 NaN 2031.5655
186533073322639362 2000 100 0 0 0 0 2000 0 0 2000
300379902321098754 2000 100 0 0 0 0 2000 0 0 2000
602703690843029523 2000 100 0 0 0 0 2000 0 0 2000
378557524942782485 2121.0164999999997 100 0 0 0 0 2121.0164999999997 0 13 2242.033
196116846347288576 2000 100 0 0 0 0 2000 0 0 2000
430483140172185601 1996.3415625 100 0 0 0 0 1996.3415625 0 0 1996.3415625
398571887220883456 2000 100 0 0 0 0 2000 0 0 2000
403215056382459915 2000 100 0 0 0 0 2000 0 0 2000
213439050831364097 1986.4938124999999 100 0 0 0 0 1986.4938124999999 0 0 1986.4938124999999
341784882793545728 2000 100 0 0 0 0 2000 0 0 2000
296792477871112224 2000 100 0 0 0 0 2000 0 0 2000
359053163262640138 2006.9794375000001 100 0 0 0 0 2006.9794375000001 0 0 2013.958875
556938841391497236 1997.7939999999999 100 0 0 0 0 1997.7939999999999 0 0 1997.7939999999999
675638083189735424 1981.5245 100 0 0 0 0 1981.5245 0 0 1981.5245
234162760340996096 1985.00075 100 0 0 0 0 1985.00075 0 0 1985.00075
659718208424771585 2000 100 0 0 0 0 2000 0 0 2000
413553045847146496 2000 100 0 0 0 0 2000 0 0 2000
565491518035722240 2010.580375 100 0 0 0 0 2010.580375 0 6 2021.16075
351550251930484736 2000 100 0 0 0 0 2000 0 0 2000
609968830625742849 2000 100 0 0 0 0 2000 0 0 2000
300770952596160513 2000 100 0 0 0 0 2000 0 0 2000
350788034943254528 2000 100 0 0 0 0 2000 0 0 2000
268037375429443584 2000 100 0 0 0 0 2000 0 0 2000
316556263401979904 2000 100 0 0 0 0 2000 0 0 2000
491993654982868992 1970.65225 100 0 0 0 0 1970.65225 0 1 1970.65225
251091344758407169 1975.5805 100 0 0 0 0 1975.5805 0 1 1975.5805
97906688371212288 2000 100 0 0 0 0 2000 0 0 2000
509803085103759382 1809.603 100 2 0 2 0 1893.922 0 3
472283099468922890 2002.97275 100 0 0 0 0 2002.97275 0 1 2005.9455
693483064583520277 2000 100 0 0 0 0 2000 0 0 2000
572927120695754782 2000 100 0 0 0 0 2000 0 0 2000
336655259382579211 2000 100 0 0 0 0 2000 0 0 2000
447521403776794635 1985.552125 100 0 0 0 0 1985.552125 0 0 1985.552125
570262147746103319 2000 100 0 0 0 0 2000 0 0 2000
233825634692890625 2000 100 0 0 0 0 2000 0 0 2000
518635888234856458 2000 100 0 0 0 0 2000 0 0 2000
458466379817943042 2000 100 0 0 0 0 2000 0 0 2000
449021295850553356 2000 100 0 0 0 0 2000 0 0 2000
292880111449931776 1990.695875 100 0 0 0 0 1990.695875 0 1 1990.695875
535509832627912716 1990.4033749999999 100 0 0 0 0 1990.4033749999999 0 0 1990.4033749999999
371757154996060170 2078.536 100 3 2 1 0 2078.536 2 3
402132919600021514 2000 100 0 0 0 0 2000 0 0 2000
242404040380645377 2000 100 0 0 0 0 2000 0 0 2000
650978755166208011 2000 100 0 0 0 0 2000 0 0 2000
612450265223790598 2000 100 0 0 0 0 2000 0 0 2000
698925698475229234 1969.313 100 0 0 0 0 1969.313 0 0 1969.313
737441809759731785 2000 100 0 0 0 0 2000 0 0 2000
707867252019429387 2000 100 0 0 0 0 2000 0 0 2000
333757140089176074 1908.1335 100 0 0 0 0 1908.1335 0 0 1908.1335
238635820083445777 2000 100 0 0 0 0 2000 0 0 2000
331616964474568715 2000 100 0 0 0 0 2000 0 0 2000
191628549906497537 2000 100 0 0 0 0 2000 0 0 2000
149535335955562496 2000 100 0 0 0 0 2000 0 0 2000
249622294417244160 1973.7514999999999 100 0 0 0 0 1973.7514999999999 0 0 1973.7514999999999
527240522457284608 2000 100 0 0 0 0 2000 0 0 2000
419599299098312704 2000 100 0 0 0 0 2000 0 0 2000
515595323058683924 1935.1575 100 0 0 0 0 1935.1575 0 0 1935.1575
713146260550320128 2000 100 0 0 0 0 2000 0 0 2000
450039124959952907 2000 100 0 0 0 0 2000 0 0 2000
735034282015195177 2000 100 0 0 0 0 2000 0 0 2000
757606206272569485 2000 100 0 0 0 0 2000 0 0 2000
286633496338890753 2000 100 0 0 0 0 2000 0 0 2000
161168595278233600 2000 100 0 0 0 0 2000 0 0 2000
529097600654376960 2000 100 0 0 0 0 2000 0 0 2000
723227502511915109 2000 100 0 0 0 0 2000 0 0 2000
777984565754724373 2000 100 0 0 0 0 2000 0 0 2000
563444794827866130 1919.934 100 4 1 3 0 2017.882 0 1
677665121597784064 2000 100 0 0 0 0 2000 0 0 2000
751111435345592411 2000 100 0 0 0 0 2000 0 0 2000
347545378758983681 2000 100 0 0 0 0 2000 0 0 2000