Season 3 Members:
135999597947387904 1950.8094999999998 100 0 0 0 0 1950.8094999999998 0 0
676989741173964800 2000 100 0 0 0 0 2000 0 0
591356583695483058 2215.288 48.73431515092483 49 30 17 2 2215.288 8 8
316237573166989314 2260.378 100 3 3 0 0 2260.378 3 3
442349382763937817 2212.451 100 0 0 0 0 2212.451 0 0
208398933913763842 2086.49 100 0 0 0 0 2086.49 0 0
186289921374289920 2000 100 0 0 0 0 2000 0 0
404085825014333442 1894.852 100 2 0 2 0 1997.0375 0 0
377877297329602561 2000 100 0 0 0 0 2000 0 0
314637895816445952 2166.401 48.9728641042021 10 6 4 0 2277.119 1 4
445295428880171029 1971.242 100 0 0 0 0 1971.242 0 0
322980457245573130 2349.673 48.9728641042021 10 9 1 0 2349.673 4 5
227061502052532224 2027.388 100 1 1 0 0 2027.388 1 1
228902501263474689 2013.691 100 0 0 0 0 2013.691 0 0
92096414233956352 1960.637 100 0 0 0 0 1960.637 0 0
163444805194481666 1999.87425 100 0 0 0 0 1999.87425 0 0
603803525020909598 1962.0885 100 0 0 0 0 1962.0885 0 0
322013334683648000 2000 100 0 0 0 0 2000 0 0
357895317372534786 2000 100 0 0 0 0 2000 0 0
293204585227747330 1904.805 100 0 0 0 0 1904.805 0 0
191912810924474377 2007.6215 100 0 0 0 0 2007.6215 0 0
290666576791994378 1991.73675 100 0 0 0 0 1991.73675 0 0
207622710006644737 2001.811 100 0 0 0 0 2001.811 0 0
471860314187628545 1970.12 100 0 0 0 0 1970.12 0 0
306810930371624960 2000 100 0 0 0 0 2000 0 0
280595868179103744 2000 100 0 0 0 0 2000 0 0
427437691282522112 2002.301 100 0 0 0 0 2002.301 0 0
136266393313214464 2000 100 0 0 0 0 2000 0 0
322467073471021056 1991.507 100 0 0 0 0 1991.507 0 0
513909505088684063 2000 100 0 0 0 0 2000 0 0
309840650143006730 2000 100 0 0 0 0 2000 0 0
517116052799356940 2000 100 0 0 0 0 2000 0 0
678435073607073793 1960.308 100 0 0 0 0 1960.308 0 0
321081971398672386 1988.8695 100 0 0 0 0 1988.8695 0 0
413863709195370497 2000 100 0 0 0 0 2000 0 0
593899318616915991 1940.86925 100 0 0 0 0 1940.86925 0 0
431903683975053313 1908.17725 100 0 0 0 0 1908.17725 0 0
568473248178896906 2008.751 100 0 0 0 0 2008.751 0 0
355517607098449930 2009.30275 100 0 0 0 0 2009.30275 0 0
216393857556807680 1986.137 100 0 0 0 0 1986.137 0 0
686585203862405170 1991.362 100 0 0 0 0 1991.362 0 0
492124830473388035 1964.8455 100 0 0 0 0 1964.8455 0 0
430041578086596610 2000 100 0 0 0 0 2000 0 0
544216551604224029 2006.185 100 0 0 0 0 2006.185 0 0
132186310709346304 2000 100 0 0 0 0 2000 0 0
267088389335941120 2000 100 0 0 0 0 2000 0 0
243918684987457536 2000 100 0 0 0 0 2000 0 0
167002328904237056 2175.609 48.73431515092483 49 25 22 2 2250.659 0 6
472873830658867206 2000 100 0 0 0 0 2000 0 0
308749529241354241 1975.77025 100 0 0 0 0 1975.77025 0 0
547726265176817673 2000 100 0 0 0 0 2000 0 0
495065255798505492 1972.288 100 0 0 0 0 1972.288 0 0
539350988360908800 2000 100 0 0 0 0 2000 0 0
548735073470644235 1974.23675 100 0 0 0 0 1974.23675 0 0
498308008690974723 2000 100 0 0 0 0 2000 0 0
271808565386149889 2000 100 0 0 0 0 2000 0 0
262550495648808980 2000 100 0 0 0 0 2000 0 0
367034949355700224 1977.549 100 0 0 0 0 1977.549 0 0
487948519437500427 2000 100 0 0 0 0 2000 0 0
655755122239864863 2000 100 0 0 0 0 2000 0 0
445046634909532171 2000 100 0 0 0 0 2000 0 0
311830429500047361 2023.261 100 0 0 0 0 2023.261 0 0
335091416558600193 1786.1970000000001 100 0 0 0 0 1786.1970000000001 0 0
414285367617912842 2007.5935 100 0 0 0 0 2007.5935 0 0
537805737737453579 1956.7785 100 0 0 0 0 1956.7785 0 0
224304551702953985 2021.0230000000001 100 0 0 0 0 2021.0230000000001 0 0
559180513764442113 2000 100 0 0 0 0 2000 0 0
218002324252000256 2000 100 0 0 0 0 2000 0 0
696363570933530646 2000 100 0 0 0 0 2000 0 0
233307994983628800 2000 100 0 0 0 0 2000 0 0
472148289307803649 1964.9175 100 0 0 0 0 1964.9175 0 0
566713242936803370 2000 100 0 0 0 0 2000 0 0
137653529182470144 2000 100 0 0 0 0 2000 0 0
440988062646796308 1948.966 100 2 0 2 0 2032.295 0 0
526667274141302814 2000 100 0 0 0 0 2000 0 0
505494066788564992 1914.946 100 0 0 0 0 1914.946 0 0
681291568023732245 2000 100 0 0 0 0 2000 0 0
646576551508443136 2000 100 0 0 0 0 2000 0 0
400822915211329546 2000 100 0 0 0 0 2000 0 0
408131604620378114 2106.6865 100 0 0 0 0 2106.6865 0 0
145805884210020352 1969.304 100 0 0 0 0 1969.304 0 0
302540686421655562 1800.481 100 3 1 2 0 1855.95 0 1
141736028389113857 1880.9305 100 0 0 0 0 1880.9305 0 0
344258096480387072 2042.571 100 0 0 0 0 2042.571 0 0
348977673382526987 1986.186 100 0 0 0 0 1986.186 0 0
350778126919401485 2000 100 0 0 0 0 2000 0 0
438517268352204801 2000 100 0 0 0 0 2000 0 0
348286697135538176 2000 100 0 0 0 0 2000 0 0
366737125674319892 2000 100 0 0 0 0 2000 0 0
632243352783552512 2000 100 0 0 0 0 2000 0 0
361635715630759956 2000 100 0 0 0 0 2000 0 0
376358986951294986 2000 100 0 0 0 0 2000 0 0
355247259123974147 2000 100 0 0 0 0 2000 0 0
360562230439444480 1996.651 100 0 0 0 0 1996.651 0 0
561675401206693890 2063.131 100 1 0 1 0 2107.929 0 0
186533073322639362 2000 100 0 0 0 0 2000 0 0
300379902321098754 2000 100 0 0 0 0 2000 0 0
602703690843029523 2000 100 0 0 0 0 2000 0 0
378557524942782485 2186.634 48.93363231275349 17 9 8 0 2300.537 0 3
196116846347288576 2000 100 0 0 0 0 2000 0 0
430483140172185601 1985.36625 100 0 0 0 0 1985.36625 0 0
398571887220883456 2000 100 0 0 0 0 2000 0 0
403215056382459915 2000 100 0 0 0 0 2000 0 0
213439050831364097 1945.97525 100 0 0 0 0 1945.97525 0 0
341784882793545728 2000 100 0 0 0 0 2000 0 0
296792477871112224 2000 100 0 0 0 0 2000 0 0
359053163262640138 2027.91775 100 0 0 0 0 2027.91775 0 0
556938841391497236 1991.176 100 0 0 0 0 1991.176 0 0
675638083189735424 1926.098 100 0 0 0 0 1926.098 0 0
234162760340996096 1940.003 100 0 0 0 0 1940.003 0 0
659718208424771585 2000 100 0 0 0 0 2000 0 0
413553045847146496 2000 100 0 0 0 0 2000 0 0
565491518035722240 2042.3215 100 0 0 0 0 2042.3215 0 0
351550251930484736 2000 100 0 0 0 0 2000 0 0
609968830625742849 2000 100 0 0 0 0 2000 0 0
300770952596160513 2000 100 0 0 0 0 2000 0 0
350788034943254528 2000 100 0 0 0 0 2000 0 0
268037375429443584 2000 100 0 0 0 0 2000 0 0
316556263401979904 2000 100 0 0 0 0 2000 0 0
491993654982868992 1882.609 100 0 0 0 0 1882.609 0 0
251091344758407169 1902.3220000000001 100 0 0 0 0 1902.3220000000001 0 0
97906688371212288 2000 100 0 0 0 0 2000 0 0
509803085103759382 1572.334 48.898814548213636 23 2 21 0 1778.473 0 1
472283099468922890 2011.891 100 0 0 0 0 2011.891 0 0
693483064583520277 2000 100 0 0 0 0 2000 0 0
572927120695754782 2000 100 0 0 0 0 2000 0 0
336655259382579211 2000 100 0 0 0 0 2000 0 0
447521403776794635 1942.2085 100 0 0 0 0 1942.2085 0 0
570262147746103319 2000 100 0 0 0 0 2000 0 0
233825634692890625 2000 100 0 0 0 0 2000 0 0
518635888234856458 2000 100 0 0 0 0 2000 0 0
458466379817943042 2000 100 0 0 0 0 2000 0 0
449021295850553356 2000 100 0 0 0 0 2000 0 0
292880111449931776 1962.7835 100 0 0 0 0 1962.7835 0 0
535509832627912716 1961.6135 100 0 0 0 0 1961.6135 0 0
371757154996060170 1926.207 100 1 0 1 0 1964.2675 0 0
402132919600021514 2000 100 0 0 0 0 2000 0 0
242404040380645377 2000 100 0 0 0 0 2000 0 0
650978755166208011 2000 100 0 0 0 0 2000 0 0
612450265223790598 2000 100 0 0 0 0 2000 0 0
698925698475229234 1877.252 100 3 0 3 0 2000 0 0
737441809759731785 2000 100 0 0 0 0 2000 0 0
707867252019429387 2000 100 0 0 0 0 2000 0 0
333757140089176074 1939.385 100 2 0 2 0 2000 0 0
238635820083445777 2000 100 0 0 0 0 2000 0 0
331616964474568715 2000 100 0 0 0 0 2000 0 0
191628549906497537 2000 100 0 0 0 0 2000 0 0
149535335955562496 2000 100 0 0 0 0 2000 0 0
249622294417244160 2000 100 0 0 0 0 2000 0 0