Members:
135999597947387904 1954.39 100 3
676989741173964800 2000 100 0
591356583695483058 2183.893 48.83200264184397 34
316237573166989314 2337.824 48.87497340072549 27
442349382763937817 2097.032 48.83200264184397 34
208398933913763842 2000 100 0
186289921374289920 2000 100 0
404085825014333442 2000 100 0
377877297329602561 2000 100 0
314637895816445952 2162.73 48.71381830147368 52
445295428880171029 1998.556 48.97834956187491 9
322980457245573130 2259.962 48.56073907452185 73
227061502052532224 2000 100 0
228902501263474689 2136.682 100 5
92096414233956352 2000 100 0
163444805194481666 1999.497 100 2
603803525020909598 1848.354 100 5
322013334683648000 2000 100 0
357895317372534786 2000 100 0
293204585227747330 2000 100 0
191912810924474377 2000 100 0
290666576791994378 1966.947 100 1
207622710006644737 2081.837 48.97834956187491 9
471860314187628545 2000 100 0
306810930371624960 2000 100 0
280595868179103744 2000 100 0
427437691282522112 2067.854 100 2
136266393313214464 2000 100 0
322467073471021056 1916.535 100 4
513909505088684063 2000 100 0
309840650143006730 2000 100 0
517116052799356940 2000 100 0
678435073607073793 2000 100 0
321081971398672386 2000 100 0
413863709195370497 2000 100 0
593899318616915991 1763.477 48.99463078811685 6
431903683975053313 1865.176 100 5
568473248178896906 2116.318 48.961804672965755 12
355517607098449930 2037.211 100 3
216393857556807680 1944.548 100 1
686585203862405170 1965.448 100 3
492124830473388035 1859.382 100 3
430041578086596610 2000 100 0
544216551604224029 2024.74 48.99463078811685 6
132186310709346304 2000 100 0
267088389335941120 2000 100 0
243918684987457536 2000 100 0
167002328904237056 1991.683 100 2
472873830658867206 2000 100 0
308749529241354241 1914.395 48.97834956187491 9
547726265176817673 2000 100 0
495065255798505492 2000 100 0
539350988360908800 2000 100 0
548735073470644235 2000 100 0
498308008690974723 2000 100 0
271808565386149889 2000 100 0
262550495648808980 2000 100 0
367034949355700224 1910.196 100 4
487948519437500427 2000 100 0
655755122239864863 2000 100 0
445046634909532171 2000 100 0
311830429500047361 2093.044 100 2
335091416558600193 1446.031 48.838240375425606 33
414285367617912842 1797.291 48.898814548213636 23
537805737737453579 2000 100 0
224304551702953985 2000 100 0
559180513764442113 2000 100 0
218002324252000256 2000 100 0
696363570933530646 2000 100 0
233307994983628800 2000 100 0
472148289307803649 1928.334 48.68597190419211 56
566713242936803370 2000 100 0
137653529182470144 2000 100 0
440988062646796308 1893.497 48.47341521273402 84
526667274141302814 2000 100 0
505494066788564992 1652.193 48.94499185156345 15
681291568023732245 2000 100 0
646576551508443136 2000 100 0
400822915211329546 2000 100 0
408131604620378114 2225.782 48.95623038227881 13
145805884210020352 2175.139 48.99463078811685 6
302540686421655562 1762.373 48.97834956187491 9
141736028389113857 2000 100 0
344258096480387072 2010.991 48.880981647361935 26
348977673382526987 1944.744 100 5
350778126919401485 2000 100 0
438517268352204801 2000 100 0