Season 2 Members:
135999597947387904 1901.619 48.99463078811685 6 2 4 0 2088.703 0 2
676989741173964800 2000 100 0 0 0 0 2000 0 0
591356583695483058 2137.633 48.80030798724083 39 21 15 3 2172.616 1 5
316237573166989314 2370.047 48.97834956187491 9 5 3 1 2370.047 2 2
442349382763937817 2424.902 48.48967723881099 82 44 34 4 2424.902 10 10
208398933913763842 2172.98 48.97834956187491 9 5 4 0 2224.676 0 3
186289921374289920 2000 100 0 0 0 0 2000 0 0
404085825014333442 1994.075 100 2 0 2 0 2035.773 0 0
377877297329602561 2000 100 0 0 0 0 2000 0 0
314637895816445952 2222.442 48.576070878491684 71 33 36 2 2222.442 2 8
445295428880171029 1942.484 48.983805724255824 8 3 5 0 2119.479 0 3
322980457245573130 2429.021 48.64306782768477 62 42 19 1 2429.021 14 14
227061502052532224 1982.845 48.939327289276044 16 7 8 1 2009.1460 1 4
228902501263474689 2027.382 100 0 0 0 0 2027.382 0 0
92096414233956352 1921.274 100 1 0 1 01948.299 0 0
163444805194481666 1999.7485000000001 100 0 0 0 0 1999.7485000000001 0 0
603803525020909598 1924.1770000000001 100 0 0 0 0 1924.1770000000001 0 0
322013334683648000 2000 100 0 0 0 0 2000 0 0
357895317372534786 2000 100 0 0 0 0 2000 0 0
293204585227747330 1809.6100000000001 100 0 0 0 0 1809.6100000000001 0 0
191912810924474377 2015.243 100 0 0 0 0 2015.243 0 0
290666576791994378 1983.4735 100 0 0 0 0 1983.4735 0 0
207622710006644737 2003.6219999999998 100 0 0 0 0 2003.6219999999998 0 0
471860314187628545 1940.24 100 0 0 0 0 1940.24 0 0
306810930371624960 2000 100 0 0 0 0 2000 0 0
280595868179103744 2000 100 0 0 0 0 2000 0 0
427437691282522112 2004.6019999999999 100 0 0 0 0 2004.6019999999999 0 0
136266393313214464 2000 100 0 0 0 0 2000 0 0
322467073471021056 1983.014 48.86285995559653 29 15 14 0 2008 0 3
513909505088684063 2000 100 0 0 0 0 2000 0 0
309840650143006730 2000 100 0 0 0 0 2000 0 0
517116052799356940 2000 100 0 0 0 0 2000 0 0
678435073607073793 1920.616 100 0 0 0 0 1920.616 0 0
321081971398672386 1977.739 100 0 0 0 0 1977.739 0 0
413863709195370497 2000 100 0 0 0 0 2000 0 0
593899318616915991 1881.7385 100 0 0 0 0 1881.7385 0 0
431903683975053313 1816.3545 100 0 0 0 0 1816.3545 0 0
568473248178896906 2017.502 100 0 0 0 0 2017.502 0 0
355517607098449930 2018.6055000000001 100 0 0 0 0 2018.6055000000001 0 0
216393857556807680 1972.274 100 0 0 0 0 1972.274 0 0
686585203862405170 1982.7240000000002 100 0 0 0 0 1982.7240000000002 0 0
492124830473388035 1929.691 100 0 0 0 0 1929.691 0 0
430041578086596610 2000 100 0 0 0 0 2000 0 0
544216551604224029 2012.37 100 0 0 0 0 2012.37 0 0
132186310709346304 2000 100 0 0 0 0 2000 0 0
267088389335941120 2000 100 0 0 0 0 2000 0 0
243918684987457536 2000 100 0 0 0 0 2000 0 0
167002328904237056 2254.149 48.904695470310116 22 13 5 4 2319.888 0 9
472873830658867206 2000 100 0 0 0 0 2000 0 0
308749529241354241 1951.5405 100 0 0 0 0 1951.5405 0 0
547726265176817673 2000 100 0 0 0 0 2000 0 0
495065255798505492 1944.576 100 1 0 1 0 2000 0 0
539350988360908800 2000 100 0 0 0 0 2000 0 0
548735073470644235 1948.4735 100 0 0 0 0 1948.4735 0 0
498308008690974723 2000 100 0 0 0 0 2000 0 0
271808565386149889 2000 100 0 0 0 0 2000 0 0
262550495648808980 2000 100 0 0 0 0 2000 0 0
367034949355700224 1955.098 100 0 0 0 0 1955.098 0 0
487948519437500427 2000 100 0 0 0 0 2000 0 0
655755122239864863 2000 100 0 0 0 0 2000 0 0
445046634909532171 2000 100 0 0 0 0 2000 0 0
311830429500047361 2046.522 100 0 0 0 0 2046.522 0 0
335091416558600193 1572.394 48.98923274779745 7 1 6 0 1665.8605 0 1
414285367617912842 2015.187 100 5 3 2 0 2028.526 1 1
537805737737453579 1913.557 100 0 0 0 0 1913.557 0 0
224304551702953985 2042.046 48.91636326038154 20 10 8 2 2043.623 1 4
559180513764442113 2000 100 0 0 0 0 2000 0 0
218002324252000256 2000 100 0 0 0 0 2000 0 0
696363570933530646 2000 100 0 0 0 0 2000 0 0
233307994983628800 2000 100 0 0 0 0 2000 0 0
472148289307803649 1929.835 100 0 0 0 0 1929.835 0 0
566713242936803370 2000 100 0 0 0 0 2000 0 0
137653529182470144 2000 100 0 0 0 0 2000 0 0
440988062646796308 2064.59 48.850616081948814 31 14 17 0 2209.89700 0 4
526667274141302814 2000 100 0 0 0 0 2000 0 0
505494066788564992 1829.892 100 0 0 0 0 1829.892 0 0
681291568023732245 2000 100 0 0 0 0 2000 0 0
646576551508443136 2000 100 0 0 0 0 2000 0 0
400822915211329546 2000 100 0 0 0 0 2000 0 0
408131604620378114 2213.373 100 1 1 0 0 2213.373 1 1
145805884210020352 1938.608 48.96734919394477 11 3 7 1 2103.598 2 2
302540686421655562 1590.525 48.78087984397812 42 6 36 0 1918.6405 0 3
141736028389113857 1761.861 48.99463078811685 6 0 6 0 2000 0 0
344258096480387072 2085.142 48.727519420792845 50 28 21 1 2214.505 1 4
348977673382526987 1972.3719999999998 100 0 0 0 0 1972.3719999999998 0 0
350778126919401485 2000 100 0 0 0 0 2000 0 0
438517268352204801 2000 100 0 0 0 0 2000 0 0
348286697135538176 2000 100 0 0 0 0 2000 0 0
366737125674319892 2000 100 0 0 0 0 2000 0 0
632243352783552512 2000 100 0 0 0 0 2000 0 0
361635715630759956 2000 100 0 0 0 0 2000 0 0
376358986951294986 2000 100 0 0 0 0 2000 0 0
355247259123974147 2000 100 0 0 0 0 2000 0 0
360562230439444480 1993.3020000000001 100 0 0 0 0 1993.3020000000001 0 0
561675401206693890 2215.858 48.97834956187491 9 7 2 02258.641 0 6
186533073322639362 2000 100 0 0 0 0 2000 0 0
300379902321098754 2000 100 0 0 0 0 2000 0 0
602703690843029523 2000 100 0 0 0 0 2000 0 0
378557524942782485 2297.148 48.28255150827795 106 72 29 5 2556.946 2 13
196116846347288576 2000 100 0 0 0 0 2000 0 0
430483140172185601 1970.7325 100 0 0 0 0 1970.7325 0 0
398571887220883456 2000 100 0 0 0 0 2000 0 0
403215056382459915 2000 100 0 0 0 0 2000 0 0
213439050831364097 1891.9505 100 0 0 0 0 1891.9505 0 0
341784882793545728 2000 100 0 0 0 0 2000 0 0
296792477871112224 2000 100 0 0 0 0 2000 0 0
359053163262640138 2055.8355 100 0 0 0 0 2055.8355 0 0
556938841391497236 1982.3519999999999 100 0 0 0 0 1982.3519999999999 0 0
675638083189735424 1852.196 100 2 0 2 0 1914.40 0 0
234162760340996096 1880.0059999999999 100 0 0 0 0 1880.0059999999999 0 0
659718208424771585 2000 100 0 0 0 0 2000 0 0
413553045847146496 2000 100 0 0 0 0 2000 0 0
565491518035722240 2084.643 48.892902050200355 24 13 8 3 2090.541 1 6
351550251930484736 2000 100 0 0 0 0 2000 0 0
609968830625742849 2000 100 0 0 0 0 2000 0 0
300770952596160513 2000 100 0 0 0 0 2000 0 0
350788034943254528 2000 100 0 0 0 0 2000 0 0
268037375429443584 2000 100 0 0 0 0 2000 0 0
316556263401979904 2000 100 0 0 0 0 2000 0 0
491993654982868992 1765.218 48.98923274779745 7 1 6 0 1980.6055000000001 1 1
251091344758407169 1804.644 48.983805724255824 8 1 7 0 2000.23 0 1
97906688371212288 2000 100 0 0 0 0 2000 0 0
509803085103759382 1556.946 48.767753269793026 44 5 39 0 2000 0 3
472283099468922890 2023.782 100 1 1 0 0 2023.782 1 1
693483064583520277 2000 100 0 0 0 0 2000 0 0
572927120695754782 2000 100 0 0 0 0 2000 0 0
336655259382579211 2000 100 0 0 0 0 2000 0 0
447521403776794635 1884.417 100 3 0 3 0 2000 0 0
570262147746103319 2000 100 0 0 0 0 2000 0 0
233825634692890625 2000 100 0 0 0 0 2000 0 0
518635888234856458 2000 100 0 0 0 0 2000 0 0
458466379817943042 2000 100 0 0 0 0 2000 0 0
449021295850553356 2000 100 0 0 0 0 2000 0 0
292880111449931776 1925.567 100 4 1 3 0 2000 1 1
535509832627912716 1923.227 100 1 0 1 0 2000 0 0
371757154996060170 1928.535 100 5 1 4 0 2000 0 1
402132919600021514 2000 100 0 0 0 0 2000 0 0
242404040380645377 2000 100 0 0 0 0 2000 0 0
650978755166208011 2000 100 0 0 0 0 2000 0 0
612450265223790598 2000 100 0 0 0 0 2000 0 0
698925698475229234 2000 100 0 0 0 0 2000 0 0