Season 1 Members:
135999597947387904 1954.39 100 3 0 0 0 0 0 0
676989741173964800 2000 100 0 0 0 0 0 0 0
591356583695483058 2199.443 48.28255150827795 106 40 32 0
316237573166989314 2418.528 48.78739060077407 41 11 3 0
442349382763937817 2169.702 47.826251464960386 150 64 50 2 2251.314 5 undefined
208398933913763842 2195.511 48.5987628984964 68 28 37 3
186289921374289920 2000 100 0 0 0 0 0 0 0
404085825014333442 2071.546 48.78087984397812 42 22 19 1
377877297329602561 2000 100 0 0 0 0 0 0 0
314637895816445952 2215.447 47.00260356770263 210 89 67 2 undefined 0 undefined
445295428880171029 2011.418 48.95623038227881 13 2 2 0
322980457245573130 2572.156 46.663771300903484 230 106 50 1
227061502052532224 2018.292 48.98923274779745 7 4 3 0
228902501263474689 2054.764 48.93363231275349 17 5 7 0
92096414233956352 1896.598 100 2 0 2 0
163444805194481666 1999.497 100 2 0 0 0 0 0 0
603803525020909598 1848.354 100 5 0 0 0 0 0 0
322013334683648000 2000 100 0 0 0 0 0 0 0
357895317372534786 2000 100 0 0 0 0 0 0 0
293204585227747330 1619.22 48.880981647361935 26 5 21 0
191912810924474377 2030.486 48.98923274779745 7 3 4 0
290666576791994378 1966.947 100 1 0 0 0 0 0 0
207622710006644737 2007.244 48.85675440975731 30 7 12 2
471860314187628545 1880.48 100 3 0 3 0 0 0 0
306810930371624960 2000 100 0 0 0 0 0 0 0
280595868179103744 2000 100 0 0 0 0 0 0 0
427437691282522112 2009.204 48.961804672965755 12 5 5 0
136266393313214464 2000 100 0 0 0 0 0 0 0
322467073471021056 1778.745 48.80030798724083 39 9 26 0
513909505088684063 2000 100 0 0 0 0 0 0 0
309840650143006730 2000 100 0 0 0 0 0 0 0
517116052799356940 2000 100 0 0 0 0 0 0 0
678435073607073793 1841.232 100 3 0 3 0
321081971398672386 1955.478 100 2 1 1 0
413863709195370497 2000 100 0 0 0 0 0 0 0
593899318616915991 1763.477 48.99463078811685 6 0 0 0 0 0 0
431903683975053313 1632.709 48.85675440975731 30 5 20 0
568473248178896906 2035.004 48.93363231275349 17 1 4 0
355517607098449930 2037.211 100 3 0 0 0 0 0 0
216393857556807680 1944.548 100 1 0 0 0 0 0 0
686585203862405170 1965.448 100 3 0 0 0 0 0 0
492124830473388035 1859.382 100 3 0 0 0 0 0 0
430041578086596610 2000 100 0 0 0 0 0 0 0
544216551604224029 2024.74 48.99463078811685 6 0 0 0 0 0 0
132186310709346304 2000 100 0 0 0 0 0 0 0
267088389335941120 2000 100 0 0 0 0 0 0 0
243918684987457536 2000 100 0 0 0 0 0 0 0
167002328904237056 1991.683 100 2 0 0 0 0 0 0
472873830658867206 2000 100 0 0 0 0 0 0 0
308749529241354241 1903.081 48.9728641042021 10 0 1 0
547726265176817673 2000 100 0 0 0 0 0 0 0
495065255798505492 2000 100 0 0 0 0 0 0 0
539350988360908800 2000 100 0 0 0 0 0 0 0
548735073470644235 1896.947 48.99463078811685 6 2 4 0
498308008690974723 2000 100 0 0 0 0 0 0 0
271808565386149889 2000 100 0 0 0 0 0 0 0
262550495648808980 2000 100 0 0 0 0 0 0 0
367034949355700224 1910.196 100 4 0 0 0 0 0 0
487948519437500427 2000 100 0 0 0 0 0 0 0
655755122239864863 2000 100 0 0 0 0 0 0 0
445046634909532171 2000 100 0 0 0 0 0 0 0
311830429500047361 2093.044 100 2 0 0 0 0 0 0
335091416558600193 1331.721 48.65031457470876 61 4 24 0
414285367617912842 1937.59 48.84444479615771 32 6 3 0 1937.59 NaN undefined
537805737737453579 1827.114 100 4 0 4 0
224304551702953985 2000 100 0 0 0 0 0 0 0
559180513764442113 2000 100 0 0 0 0 0 0 0
218002324252000256 2000 100 0 0 0 0 0 0 0
696363570933530646 2000 100 0 0 0 0 0 0 0
233307994983628800 2000 100 0 0 0 0 0 0 0
472148289307803649 1859.67 48.497743174012626 81 9 15 1
566713242936803370 2000 100 0 0 0 0 0 0 0
137653529182470144 2000 100 0 0 0 0 0 0 0
440988062646796308 2158.899 47.21909568154619 196 59 51 2
526667274141302814 2000 100 0 0 0 0 0 0 0
505494066788564992 1659.784 48.85675440975731 30 8 7 0
681291568023732245 2000 100 0 0 0 0 0 0 0
646576551508443136 2000 100 0 0 0 0 0 0 0
400822915211329546 2000 100 0 0 0 0 0 0 0
408131604620378114 2337.895 48.76113707600622 45 19 13 0
145805884210020352 2207.196 48.91054498512216 21 8 7 0 2207.196 2 undefined
302540686421655562 1837.281 47.96153938173756 138 51 77 1 undefined 0 undefined
141736028389113857 2000 100 0 0 0 0 0 0 0
344258096480387072 1700.649 48.55301137765782 74 8 39 1 1723.498 0 undefined
348977673382526987 1944.744 100 5 0 0 0 0 0 0
350778126919401485 2000 100 0 0 0 0 0 0 0
438517268352204801 2000 100 0 0 0 0 0 0 0
348286697135538176 2000 100 0 0 0 0 0 0 0
366737125674319892 2000 100 0 0 0 0
632243352783552512 2000 100 0 0 0 0
361635715630759956 2000 100 0 0 0 0
376358986951294986 2000 100 0 0 0 0
355247259123974147 2000 100 0 0 0 0
360562230439444480 1986.604 100 2 1 1 0
561675401206693890 2064.17 100 1 1 0 0
186533073322639362 2000 100 0 0 0 0
300379902321098754 2000 100 0 0 0 0
602703690843029523 2000 100 0 0 0 0
378557524942782485 2430.865 47.52814349434306 174 110 59 5 2430.865 4 undefined
196116846347288576 2000 100 0 0 0 0
430483140172185601 1941.465 100 1 0 1 0
398571887220883456 2000 100 0 0 0 0
403215056382459915 2000 100 0 0 0 0
213439050831364097 1783.901 48.983805724255824 8 1 7 0
341784882793545728 2000 100 0 0 0 0
296792477871112224 2000 100 0 0 0 0
359053163262640138 2111.671 48.91054498512216 21 12 8 1
556938841391497236 1964.704 100 1 0 1 0
675638083189735424 1828.8 100 5 0 5 0
234162760340996096 1760.012 48.98923274779745 7 0 7 0
659718208424771585 2000 100 0 0 0 0
413553045847146496 2000 100 0 0 0 0
565491518035722240 2000 100 0 0 0 0
351550251930484736 2000 100 0 0 0 0
609968830625742849 2000 100 0 0 0 0
300770952596160513 2000 100 0 0 0 0
350788034943254528 2000 100 0 0 0 0
268037375429443584 2000 100 0 0 0 0
316556263401979904 2000 100 0 0 0 0
491993654982868992 1961.211 100 1 0 1 0 undefined 0 undefined