Season 4 Members:
135999597947387904 1975.40475 100 0 0 0 0 1975.40475 0 2 2088.703
676989741173964800 2000 100 0 0 0 0 2000 0 0 2000
591356583695483058 2334.317 48.96734919394477 11 10 1 0 2338.655 2 8
316237573166989314 2130.1890000000003 100 0 0 0 0 2130.1890000000003 0 3 2370.047
442349382763937817 2106.2255 100 0 0 0 0 2106.2255 0 10 2424.902
208398933913763842 2043.245 100 0 0 0 0 2043.245 0 3 2224.676
186289921374289920 2000 100 0 0 0 0 2000 0 0 2000
404085825014333442 1947.426 100 0 0 0 0 1947.426 0 0 2035.773
377877297329602561 2000 100 0 0 0 0 2000 0 0 2000
314637895816445952 2072.341 100 2 1 1 0 2083.2005 1 8
445295428880171029 1985.621 100 0 0 0 0 1985.621 0 3 2119.479
322980457245573130 2159.006 100 2 1 1 0 2201.476 0 14
227061502052532224 1805.669 100 5 0 5 0 2013.694 0 4
228902501263474689 2006.8455 100 0 0 0 0 2006.8455 0 0 2027.382
92096414233956352 1980.3184999999999 100 0 0 0 0 1980.3184999999999 0 NaN 1980.3184999999999
163444805194481666 1999.937125 100 0 0 0 0 1999.937125 0 0 1999.937125
603803525020909598 1981.04425 100 0 0 0 0 1981.04425 0 0 1981.04425
322013334683648000 2000 100 0 0 0 0 2000 0 0 2000
357895317372534786 2000 100 0 0 0 0 2000 0 0 2000
293204585227747330 1952.4025000000001 100 0 0 0 0 1952.4025000000001 0 0 1952.4025000000001
191912810924474377 2003.81075 100 0 0 0 0 2003.81075 0 0 2015.243
290666576791994378 1995.868375 100 0 0 0 0 1995.868375 0 0 1995.868375
207622710006644737 2000.9054999999998 100 0 0 0 0 2000.9054999999998 0 0 2003.6219999999998
471860314187628545 1985.06 100 0 0 0 0 1985.06 0 0 1985.06
306810930371624960 2000 100 0 0 0 0 2000 0 0 2000
280595868179103744 2000 100 0 0 0 0 2000 0 0 2000
427437691282522112 2049.938 100 4 2 2 0 2049.938 1 1
136266393313214464 2000 100 0 0 0 0 2000 0 0 2000
322467073471021056 1995.7535 100 0 0 0 0 1995.7535 0 3 2008
513909505088684063 2000 100 0 0 0 0 2000 0 0 2000
309840650143006730 2000 100 0 0 0 0 2000 0 0 2000
517116052799356940 2000 100 0 0 0 0 2000 0 0 2000
678435073607073793 1980.154 100 0 0 0 0 1980.154 0 0 1980.154
321081971398672386 1994.43475 100 0 0 0 0 1994.43475 0 0 1994.43475
413863709195370497 2000 100 0 0 0 0 2000 0 0 2000
593899318616915991 1970.4346249999999 100 0 0 0 0 1970.4346249999999 0 0 1970.4346249999999
431903683975053313 1954.0886249999999 100 0 0 0 0 1954.0886249999999 0 0 1954.0886249999999
568473248178896906 2004.3755 100 0 0 0 0 2004.3755 0 0 2017.502
355517607098449930 2004.651375 100 0 0 0 0 2004.651375 0 0 2018.6055000000001
216393857556807680 1993.0684999999999 100 0 0 0 0 1993.0684999999999 0 0 1993.0684999999999
686585203862405170 1995.681 100 0 0 0 0 1995.681 0 0 1995.681
492124830473388035 1982.42275 100 0 0 0 0 1982.42275 0 0 1982.42275
430041578086596610 2000 100 0 0 0 0 2000 0 0 2000
544216551604224029 2003.0925 100 0 0 0 0 2003.0925 0 0 2012.37
132186310709346304 2000 100 0 0 0 0 2000 0 0 2000
267088389335941120 2000 100 0 0 0 0 2000 0 0 2000
243918684987457536 2000 100 0 0 0 0 2000 0 0 2000
167002328904237056 2169.787 100 4 3 1 0 2169.787 2 9
472873830658867206 2000 100 0 0 0 0 2000 0 0 2000
308749529241354241 1987.885125 100 0 0 0 0 1987.885125 0 0 1987.885125
547726265176817673 2000 100 0 0 0 0 2000 0 0 2000
495065255798505492 1986.144 100 0 0 0 0 1986.144 0 0 2000
539350988360908800 2000 100 0 0 0 0 2000 0 0 2000
548735073470644235 1987.118375 100 0 0 0 0 1987.118375 0 0 1987.118375
498308008690974723 2000 100 0 0 0 0 2000 0 0 2000
271808565386149889 2000 100 0 0 0 0 2000 0 0 2000
262550495648808980 2000 100 0 0 0 0 2000 0 0 2000
367034949355700224 1988.7745 100 0 0 0 0 1988.7745 0 0 1988.7745
487948519437500427 2000 100 0 0 0 0 2000 0 0 2000
655755122239864863 2000 100 0 0 0 0 2000 0 0 2000
445046634909532171 2000 100 0 0 0 0 2000 0 0 2000
311830429500047361 2011.6305 100 0 0 0 0 2011.6305 0 0 2046.522
335091416558600193 1893.0985 100 0 0 0 0 1893.0985 0 1 1893.0985
414285367617912842 2003.79675 100 0 0 0 0 2003.79675 0 1 2028.526
537805737737453579 1978.38925 100 0 0 0 0 1978.38925 0 0 1978.38925
224304551702953985 2010.5115 100 0 0 0 0 2010.5115 0 4 2043.623
559180513764442113 2000 100 0 0 0 0 2000 0 0 2000
218002324252000256 2000 100 0 0 0 0 2000 0 0 2000
696363570933530646 2000 100 0 0 0 0 2000 0 0 2000
233307994983628800 2000 100 0 0 0 0 2000 0 0 2000
472148289307803649 1982.45875 100 0 0 0 0 1982.45875 0 0 1982.45875
566713242936803370 2000 100 0 0 0 0 2000 0 0 2000
137653529182470144 2000 100 0 0 0 0 2000 0 0 2000
440988062646796308 1902.738 100 2 0 2 0 1974.483 0 4
526667274141302814 2000 100 0 0 0 0 2000 0 0 2000
505494066788564992 1957.473 100 0 0 0 0 1957.473 0 0 1957.473
681291568023732245 2000 100 0 0 0 0 2000 0 0 2000
646576551508443136 2000 100 0 0 0 0 2000 0 0 2000
400822915211329546 2000 100 0 0 0 0 2000 0 0 2000
408131604620378114 2053.34325 100 0 0 0 0 2053.34325 0 1 2213.373
145805884210020352 1984.652 100 0 0 0 0 1984.652 0 2 2103.598
302540686421655562 1919.15 100 4 2 2 0 1942.576 1 3
141736028389113857 1940.46525 100 0 0 0 0 1940.46525 0 0 2000
344258096480387072 2021.2855 100 0 0 0 0 2021.2855 0 4 2214.505
348977673382526987 1993.0929999999998 100 0 0 0 0 1993.0929999999998 0 0 1993.0929999999998
350778126919401485 2000 100 0 0 0 0 2000 0 0 2000
438517268352204801 2000 100 0 0 0 0 2000 0 0 2000
348286697135538176 2000 100 0 0 0 0 2000 0 0 2000
366737125674319892 2000 100 0 0 0 0 2000 0 0 2000
632243352783552512 2000 100 0 0 0 0 2000 0 0 2000
361635715630759956 2000 100 0 0 0 0 2000 0 0 2000
376358986951294986 2000 100 0 0 0 0 2000 0 0 2000
355247259123974147 2000 100 0 0 0 0 2000 0 0 2000
360562230439444480 1998.3255 100 0 0 0 0 1998.3255 0 0 1998.3255
561675401206693890 2031.5655 100 0 0 0 0 2031.5655 0 NaN 2063.131
186533073322639362 2000 100 0 0 0 0 2000 0 0 2000
300379902321098754 2000 100 0 0 0 0 2000 0 0 2000
602703690843029523 2000 100 0 0 0 0 2000 0 0 2000
378557524942782485 2242.033 100 4 4 0 0 2242.033 4 13
196116846347288576 2000 100 0 0 0 0 2000 0 0 2000
430483140172185601 1992.683125 100 0 0 0 0 1992.683125 0 0 1992.683125
398571887220883456 2000 100 0 0 0 0 2000 0 0 2000
403215056382459915 2000 100 0 0 0 0 2000 0 0 2000
213439050831364097 1972.987625 100 0 0 0 0 1972.987625 0 0 1972.987625
341784882793545728 2000 100 0 0 0 0 2000 0 0 2000
296792477871112224 2000 100 0 0 0 0 2000 0 0 2000
359053163262640138 2013.958875 100 0 0 0 0 2013.958875 0 0 2055.8355
556938841391497236 1995.588 100 0 0 0 0 1995.588 0 0 1995.588
675638083189735424 1963.049 100 0 0 0 0 1963.049 0 0 1963.049
234162760340996096 1970.0014999999999 100 0 0 0 0 1970.0014999999999 0 0 1970.0014999999999
659718208424771585 2000 100 0 0 0 0 2000 0 0 2000
413553045847146496 2000 100 0 0 0 0 2000 0 0 2000
565491518035722240 2021.16075 100 0 0 0 0 2021.16075 0 6 2090.541
351550251930484736 2000 100 0 0 0 0 2000 0 0 2000
609968830625742849 2000 100 0 0 0 0 2000 0 0 2000
300770952596160513 2000 100 0 0 0 0 2000 0 0 2000
350788034943254528 2000 100 0 0 0 0 2000 0 0 2000
268037375429443584 2000 100 0 0 0 0 2000 0 0 2000
316556263401979904 2000 100 0 0 0 0 2000 0 0 2000
491993654982868992 1941.3045 100 0 0 0 0 1941.3045 0 1 1980.6055000000001
251091344758407169 1951.161 100 0 0 0 0 1951.161 0 1 2000.23
97906688371212288 2000 100 0 0 0 0 2000 0 0 2000
509803085103759382 1787.844 48.98923274779745 7 2 5 0 1860.861 0 3
472283099468922890 2005.9455 100 0 0 0 0 2005.9455 0 1 2023.782
693483064583520277 2000 100 0 0 0 0 2000 0 0 2000
572927120695754782 2000 100 0 0 0 0 2000 0 0 2000
336655259382579211 2000 100 0 0 0 0 2000 0 0 2000
447521403776794635 1971.1042499999999 100 0 0 0 0 1971.1042499999999 0 0 2000
570262147746103319 2000 100 0 0 0 0 2000 0 0 2000
233825634692890625 2000 100 0 0 0 0 2000 0 0 2000
518635888234856458 2000 100 0 0 0 0 2000 0 0 2000
458466379817943042 2000 100 0 0 0 0 2000 0 0 2000
449021295850553356 2000 100 0 0 0 0 2000 0 0 2000
292880111449931776 1981.39175 100 0 0 0 0 1981.39175 0 1 2000
535509832627912716 1980.80675 100 0 0 0 0 1980.80675 0 0 2000
371757154996060170 2070.963 100 5 4 1 0 2102.293 1 3
402132919600021514 2000 100 0 0 0 0 2000 0 0 2000
242404040380645377 2000 100 0 0 0 0 2000 0 0 2000
650978755166208011 2000 100 0 0 0 0 2000 0 0 2000
612450265223790598 2000 100 0 0 0 0 2000 0 0 2000
698925698475229234 1938.626 100 0 0 0 0 1938.626 0 0 2000
737441809759731785 2000 100 0 0 0 0 2000 0 0 2000
707867252019429387 2000 100 0 0 0 0 2000 0 0 2000
333757140089176074 1816.267 100 4 0 4 0 1969.6925 0 0
238635820083445777 2000 100 0 0 0 0 2000 0 0 2000
331616964474568715 2000 100 0 0 0 0 2000 0 0 2000
191628549906497537 2000 100 0 0 0 0 2000 0 0 2000
149535335955562496 2000 100 0 0 0 0 2000 0 0 2000
249622294417244160 1947.503 100 1 0 1 0 2000 0 0
527240522457284608 2000 100 0 0 0 0 2000 0 0 2000
419599299098312704 2000 100 0 0 0 0 2000 0 0 2000
515595323058683924 1870.315 100 3 0 3 0 2000 0 0
713146260550320128 2000 100 0 0 0 0 2000 0 0 2000
450039124959952907 2000 100 0 0 0 0 2000 0 0 2000
735034282015195177 2000 100 0 0 0 0 2000 0 0 2000
757606206272569485 2000 100 0 0 0 0 2000 0 0 2000
286633496338890753 2000 100 0 0 0 0 2000 0 0 2000
161168595278233600 2000 100 0 0 0 0 2000 0 0 2000
529097600654376960 2000 100 0 0 0 0 2000 0 0 2000